Contact	DeliveryPercentage	OverheadRatio	AvgLatency	TotalForwards
100	0.0	0.0	0.0	1.6666666666666667
200	0.0	0.0	0.0	5.4
300	0.0	0.0	0.0	11.0
400	10.0	203.0	230.69999999999715	17.5
500	16.666666666666664	164.0	221.3500000000048	24.333333333333332
600	26.666666666666668	126.0	280.15000000001487	29.0
700	27.77777777777778	146.8	291.74000000002127	35.111111111111114
800	40.0	119.75	269.5875000000355	40.7
900	45.45454545454545	120.7	291.0300000000445	46.63636363636363
1000	68.0	84.41176470588235	311.9823529412397	48.56
1100	62.96296296296296	99.82352941176471	311.9823529412397	53.0
1200	58.620689655172406	113.11764705882354	311.9823529412397	55.724137931034484
1300	64.51612903225806	109.75	302.89500000007354	59.645161290322584
1400	63.63636363636363	116.66666666666667	294.44761904769604	62.36363636363637
1500	66.66666666666666	112.125	303.70833333341943	62.52777777777778
1600	63.1578947368421	125.33333333333333	303.70833333341943	66.44736842105263
1700	72.5	113.44827586206897	317.3620689655941	69.075
1800	71.42857142857143	118.73333333333333	314.65666666674076	71.19047619047619
1900	75.55555555555556	113.20588235294117	308.86176470593455	71.64444444444445
2000	76.59574468085107	115.0	329.2972222222619	73.95744680851064
2100	77.55102040816327	115.10526315789474	331.30263157897184	74.93877551020408
2200	75.0	118.84615384615384	327.64358974360516	74.88461538461539
2300	72.72727272727273	122.15	324.60000000000565	74.61818181818182
2400	75.43859649122807	119.51162790697674	315.9139534883461	75.52631578947368
2500	83.05084745762711	110.83673469387755	338.92857142848516	77.0677966101695
2600	80.95238095238095	112.07843137254902	340.17843137244313	75.92063492063492
2700	81.53846153846153	112.94339622641509	344.4849056602503	76.8
2800	80.59701492537313	115.61111111111111	345.6777777776398	77.50746268656717
2900	79.71014492753623	118.69090909090909	345.53454545439604	78.59420289855072
3000	81.94444444444444	115.91525423728814	358.19999999980405	78.90277777777777
3100	81.33333333333333	117.44262295081967	354.6983606555182	79.34666666666666
3200	83.33333333333334	115.26153846153846	361.0307692305022	79.84615384615384
3300	83.75	116.56716417910448	363.85223880567906	81.1375
3400	80.72289156626506	121.85074626865672	363.85223880567906	81.60240963855422
3500	78.82352941176471	126.80597014925372	363.85223880567906	82.82352941176471
3600	77.27272727272727	130.26470588235293	366.15294117616537	83.3409090909091
3700	76.66666666666667	134.95652173913044	363.8391304344627	85.74444444444444
3800	76.08695652173914	138.1	362.049999999665	87.01086956521739
3900	74.73684210526315	142.57746478873239	362.3098591545788	88.29473684210527
4000	72.44897959183673	148.56338028169014	362.3098591545788	89.12244897959184
4100	72.0	152.80555555555554	360.874999999632	91.08
4200	69.90291262135922	158.40277777777777	360.874999999632	91.60194174757281
4300	68.86792452830188	162.97260273972603	364.04383561605107	92.91509433962264
4400	69.1588785046729	165.59459459459458	369.93243243202596	94.71028037383178
4500	70.9090909090909	162.35897435897436	399.1538461533649	95.16363636363636
4600	69.64285714285714	167.52564102564102	399.1538461533649	96.375
4700	70.43478260869566	166.11111111111111	402.86790123403057	96.57391304347826
4800	70.08547008547008	168.8780487804878	403.67317073115083	97.54700854700855
4900	68.33333333333333	173.5731707317073	403.67317073115083	97.66666666666667
5000	69.67213114754098	171.85882352941175	404.22588235232706	98.52459016393442
5100	69.35483870967742	173.9418604651163	410.21162790634327	99.2258064516129
5200	69.84126984126983	174.29545454545453	409.37613636296487	99.96825396825396
5300	69.76744186046511	174.4777777777778	411.86333333262365	99.93798449612403
5400	70.0	176.01098901098902	420.960439559711	101.06923076923077
5500	69.92481203007519	176.51612903225808	440.9569892465447	101.23308270676692
5600	68.38235294117648	180.58064516129033	440.9569892465447	101.24264705882354
5700	68.84057971014492	181.02105263157895	447.80421052551014	102.17391304347827
5800	70.71428571428572	177.2020202020202	469.7070707062034	102.66428571428571
5900	70.4225352112676	178.97	473.06099999912067	103.16901408450704
6000	69.6551724137931	181.3861386138614	476.7841584149531	103.4
6100	68.24324324324324	185.07920792079207	476.7841584149531	103.36486486486487
6200	68.0	186.92156862745097	485.95588235204775	103.97333333333333
6300	67.76315789473685	188.6601941747573	496.9038834942495	104.57236842105263
6400	66.45161290322581	192.79611650485438	496.9038834942495	104.78064516129032
6500	65.60509554140127	196.7864077669903	496.9038834942495	105.5859872611465
6600	65.0	199.31730769230768	492.85192307603444	105.9625
6700	65.2439024390244	198.26168224299064	505.13644859726725	105.84756097560975
6800	64.45783132530121	201.57943925233644	505.13644859726725	106.27710843373494
6900	64.88095238095238	201.1834862385321	506.534862384483	106.67261904761905
7000	64.11764705882354	204.4678899082569	506.534862384483	107.07058823529412
7100	63.95348837209303	206.1727272727273	507.63090909008884	107.63953488372093
7200	62.857142857142854	210.7	507.63090909008884	108.22285714285714
7300	61.79775280898876	213.6818181818182	507.63090909008884	107.85955056179775
7400	61.66666666666667	214.96396396396398	508.372072071277	108.24444444444444
7500	60.65573770491803	218.4144144144144	508.372072071277	108.15300546448087
7600	61.62162162162163	216.3684210526316	521.17105263087	108.82702702702703
7700	60.63829787234043	219.9298245614035	521.17105263087	108.82446808510639
7800	59.68586387434554	223.4298245614035	521.17105263087	108.76439790575917
7900	59.067357512953365	227.0701754385965	521.17105263087	109.37823834196891
8000	59.183673469387756	226.10344827586206	532.1405172407447	109.08163265306122
8100	58.58585858585859	229.17241379310346	532.1405172407447	109.39393939393939
8200	58.70646766169154	228.75423728813558	537.1796610163962	109.3731343283582
8300	57.84313725490197	232.1949152542373	537.1796610163962	109.41666666666667
8400	58.252427184466015	231.76666666666668	532.4191666662028	109.95631067961165
8500	58.85167464114832	229.97560975609755	536.4317073167413	110.2822966507177
8600	58.01886792452831	232.66666666666666	536.4317073167413	109.91037735849056
8700	57.476635514018696	235.8130081300813	536.4317073167413	110.35514018691589
8800	56.94444444444444	239.3008130081301	536.4317073167413	110.95833333333333
8900	57.077625570776256	239.2	562.2159999997708	111.21461187214612
9000	56.30630630630631	242.152	562.2159999997708	111.05855855855856
9100	56.25	243.1031746031746	563.653174602999	111.30357142857143
9200	55.947136563876654	244.29133858267716	574.2078740156277	111.23788546255507
9300	55.45851528384279	247.44094488188978	574.2078740156277	111.67248908296943
9400	54.741379310344826	251.29133858267716	574.2078740156277	111.95258620689656
9500	54.46808510638298	252.5	581.3210937499423	111.92340425531916
9600	54.008438818565395	255.671875	581.3210937499423	112.36708860759494
9700	53.55648535564853	258.84375	581.3210937499423	112.82845188284519
9800	52.892561983471076	262.4609375	581.3210937499423	113.02066115702479
9900	52.459016393442624	265.375	581.3210937499423	113.32377049180327
10000	52.03252032520326	268.015625	581.3210937499423	113.45528455284553
10100	51.40562248995983	271.171875	581.3210937499423	113.38955823293173
10200	50.99601593625498	274.0	581.3210937499423	113.68525896414343
10300	50.78740157480315	274.90697674418607	581.8131782945924	113.57086614173228
10400	51.171875	273.1832061068702	583.2770992368133	113.68359375
10500	51.162790697674424	273.5681818181818	605.4462121214619	113.78682170542636
10600	50.95785440613027	274.1578947368421	607.5578947371694	113.53256704980843
10700	50.57034220532319	277.203007518797	607.5578947371694	113.92395437262357
10800	50.37593984962406	277.9776119402985	609.9298507466766	113.74812030075188
10900	50.18587360594795	279.0444444444444	611.7451851856738	113.74349442379182
11000	49.815498154981555	282.2148148148148	611.7451851856738	114.21033210332104
11100	49.63503649635037	283.1397058823529	615.4977941182208	114.16423357664233
11200	49.458483754512635	284.15328467153284	611.3445255481047	114.16967509025271
11300	49.46236559139785	285.1159420289855	616.1695652181365	114.55197132616487
11400	48.93617021276596	288.1014492753623	616.1695652181365	114.52836879432624
11500	48.771929824561404	289.3884892086331	614.1928057562304	114.6561403508772
11600	48.43205574912892	292.0503597122302	614.1928057562304	114.90243902439025
11700	48.275862068965516	292.74285714285713	620.7671428580692	114.78620689655172
11800	48.28767123287671	293.3900709219858	620.5106382988911	115.0582191780822
11900	48.13559322033898	294.36619718309856	619.6140845081535	115.11525423728814
12000	47.81144781144781	297.2957746478873	619.6140845081535	115.51851851851852
12100	48.16053511705686	296.0625	627.5569444457449	115.88628762541806
12200	48.17275747508305	296.37931034482756	628.4903448289798	116.01993355481727
12300	48.18481848184818	296.9246575342466	628.4760273987473	116.26732673267327
12400	47.868852459016395	299.6027397260274	628.4760273987473	116.57377049180327
12500	47.4025974025974	303.13698630136986	628.4760273987473	116.8603896103896
12600	47.266881028938904	304.04761904761904	631.2108843553274	116.88745980707395
12700	47.284345047923324	304.7432432432432	633.7175675692523	117.19488817891374
12800	46.98412698412698	307.2364864864865	633.7175675692523	117.4063492063492
12900	46.68769716088328	310.0135135135135	633.7175675692523	117.73817034700315
13000	46.25	313.11486486486484	633.7175675692523	117.825
13100	45.962732919254655	315.7162162162162	633.7175675692523	118.06521739130434
13200	45.67901234567901	318.64864864864865	633.7175675692523	118.42592592592592
13300	45.39877300613497	321.77027027027026	633.7175675692523	118.8957055214724
13400	44.984802431610944	324.7567567567568	633.7175675692523	118.91185410334346
13500	44.87951807228915	325.5838926174497	632.5369127534723	118.95180722891567
13600	44.61077844311377	328.241610738255	632.5369127534723	119.18263473053892
13700	44.345238095238095	330.9261744966443	632.5369127534723	119.43452380952381
13800	44.37869822485207	331.7133333333333	633.4353333352419	119.81656804733728
13900	43.988269794721404	334.58	633.4353333352419	119.80645161290323
14000	43.604651162790695	337.28	633.4353333352419	119.7296511627907
14100	43.641618497109825	337.26490066225165	636.0874172205694	119.80057803468208
14200	43.39080459770115	339.74834437086093	636.0874172205694	119.97413793103448
14300	43.3048433048433	340.48026315789474	638.5684210547777	120.00569800569801
14400	42.93785310734463	343.0986842105263	638.5684210547777	119.90677966101696
14500	42.69662921348314	345.5	638.5684210547777	120.03932584269663
14600	42.33983286908078	348.07236842105266	638.5684210547777	119.90529247910864
14700	42.10526315789473	350.48026315789474	638.5684210547777	120.05263157894737
14800	42.14876033057851	350.73202614379085	635.6764705905086	120.22865013774104
14900	42.465753424657535	349.26451612903224	639.4716129057505	120.65753424657534
15000	42.119565217391305	351.81935483870967	639.4716129057505	120.53804347826087
15100	41.891891891891895	354.3032258064516	639.4716129057505	120.71081081081081
15200	41.8230563002681	355.0705128205128	645.7730769257299	120.78552278820375
15300	41.6	357.5833333333333	645.7730769257299	120.98666666666666
15400	41.644562334217504	357.9872611464968	646.6343949072426	121.24403183023873
15500	41.31578947368421	360.8216560509554	646.6343949072426	121.22368421052632
15600	41.14583333333333	361.36708860759495	648.1037974712708	120.92708333333333
15700	40.932642487046635	363.7974683544304	648.1037974712708	121.10103626943005
15800	40.72164948453608	366.34177215189874	648.1037974712708	121.30412371134021
15900	40.66496163682864	366.62264150943395	650.4943396256938	121.22506393861893
16000	40.458015267175576	369.2201257861635	650.4943396256938	121.46310432569975
16100	40.15151515151515	371.35849056603774	650.4943396256938	121.22979797979798
16200	39.949748743718594	373.70440251572325	650.4943396256938	121.38442211055276
16300	40.0	373.55	654.7006250031927	121.4775
16400	39.70223325062035	376.20625	654.7006250031927	121.44416873449131
16500	39.6551724137931	376.4347826086956	659.8763975188624	121.39162561576354
16600	39.36430317848411	379.30434782608694	659.8763975188624	121.44498777506112
16700	39.90267639902677	374.6463414634146	662.7670731744945	121.57907542579075
16800	39.61352657004831	377.1646341463415	662.7670731744945	121.5048309178744
16900	39.568345323741006	377.8787878787879	662.1739393978444	121.62350119904077
17000	39.618138424821005	377.76506024096386	661.6945783173013	121.73508353221958
17100	39.33649289099526	380.2048192771084	661.6945783173013	121.65402843601896
17200	39.15094339622642	383.06626506024094	661.6945783173013	122.02594339622641
17300	38.967136150234744	385.65060240963857	661.6945783173013	122.28638497652582
17400	39.018691588785046	385.7365269461078	663.7065868305426	122.48831775700934
17500	38.74709976798144	387.9580838323353	663.7065868305426	122.31786542923435
17600	38.56812933025404	390.58682634730536	663.7065868305426	122.5958429561201
17700	38.39080459770115	392.83233532934133	663.7065868305426	122.7448275862069
17800	38.12785388127854	395.34730538922156	663.7065868305426	122.67579908675799
17900	37.868480725623584	397.9760479041916	663.7065868305426	122.66439909297053
18000	37.69751693002257	400.52694610778445	663.7065868305426	122.8803611738149
18100	37.66816143497758	400.51785714285717	661.6898809567319	122.7713004484305
18200	37.723214285714285	400.7396449704142	666.1390532589443	123.02008928571429
18300	37.6940133037694	400.93529411764706	665.4052941223096	122.98226164079823
18400	37.362637362637365	403.6	665.4052941223096	122.71428571428571
18500	37.199124726477024	406.01176470588234	665.4052941223096	122.92341356673961
18600	36.95652173913043	408.4294117647059	665.4052941223096	122.85434782608695
18700	36.7170626349892	410.7294117647059	665.4052941223096	122.73002159827213
18800	36.55913978494624	413.1470588235294	665.4052941223096	122.9247311827957
18900	36.324786324786324	415.5235294117647	665.4052941223096	122.82478632478633
19000	36.09341825902335	418.1294117647059	665.4052941223096	122.81104033970276
19100	35.86497890295359	420.38823529411764	665.4052941223096	122.70253164556962
19200	35.63941299790356	422.71176470588233	665.4052941223096	122.59329140461216
19300	35.699373695198325	422.6608187134503	669.4918128703306	122.77244258872652
19400	35.684647302904565	422.77906976744185	666.7674418654689	122.76141078838174
19500	35.4639175257732	425.77906976744185	666.7674418654689	122.90515463917525
19600	35.318275154004105	427.88953488372096	666.7674418654689	123.00616016427105
19700	35.787321063394685	422.46285714285716	683.4680000055188	123.03680981595092
19800	35.77235772357724	422.6818181818182	682.2562500056885	123.10365853658537
19900	35.82995951417004	422.6949152542373	681.9740113052922	123.29757085020243
20000	35.61368209255533	425.2768361581921	681.9740113052922	123.33601609657947
20100	35.6	425.46629213483146	681.9634831520953	123.362
20200	35.586481113320076	425.55307262569835	683.0167597827333	123.33200795228628
20300	35.37549407114625	427.75977653631287	683.0167597827333	123.21343873517786
20400	35.23622047244094	429.75977653631287	683.0167597827333	123.2755905511811
20500	35.0293542074364	432.3072625698324	683.0167597827333	123.293542074364
20600	34.89278752436647	434.5139664804469	683.0167597827333	123.42690058479532
20700	34.689922480620154	436.7150837988827	683.0167597827333	123.31007751937985
20800	34.68208092485549	436.23333333333335	692.2638888952632	123.1233140655106
20900	34.48275862068966	438.7944444444444	692.2638888952632	123.14176245210729
21000	34.35114503816794	440.6722222222222	692.2638888952632	123.17175572519083
21100	34.15559772296015	442.99444444444447	692.2638888952632	123.11385199240986
21200	33.9622641509434	445.27222222222224	692.2638888952632	123.03396226415094
21300	33.83458646616541	447.47777777777776	692.2638888952632	123.1842105263158
21400	33.70786516853933	449.89444444444445	692.2638888952632	123.37827715355806
21500	33.5195530726257	452.0833333333333	692.2638888952632	123.2756052141527
21600	33.33333333333333	454.30555555555554	692.2638888952632	123.17222222222222
21700	33.39483394833948	454.0220994475138	699.3143646474481	123.31549815498155
21800	33.211009174311926	456.68508287292815	699.3143646474481	123.3743119266055
21900	33.02919708029197	458.98342541436466	699.3143646474481	123.30656934306569
22000	33.09090909090909	458.8626373626374	701.8038461606022	123.52
22100	32.971014492753625	461.03846153846155	701.8038461606022	123.65942028985508
22200	32.79279279279279	463.45054945054943	701.8038461606022	123.65225225225225
22300	32.61648745519714	465.83516483516485	701.8038461606022	123.60931899641577
22400	32.5	467.85714285714283	701.8038461606022	123.68928571428572
22500	32.38434163701068	469.75824175824175	701.8038461606022	123.72064056939502
22600	32.326820603907635	471.46153846153845	701.8038461606022	123.93428063943162
22700	32.21238938053098	473.72527472527474	701.8038461606022	124.09734513274336
22800	32.04225352112676	475.95054945054943	701.8038461606022	124.01232394366197
22900	32.04903677758319	475.8306010928962	701.059562848445	124.02977232924694
23000	32.11169284467714	475.2880434782609	700.3826087027143	124.1239092495637
23100	32.11805555555556	475.0054054054054	700.3200000072006	124.07291666666667
23200	31.951640759930918	477.3891891891892	700.3200000072006	124.06044905008636
23300	31.78694158075601	479.75135135135133	700.3200000072006	124.02920962199313
23400	31.67808219178082	481.8324324324324	700.3200000072006	124.12842465753425
23500	31.569965870307165	483.8	700.3200000072006	124.20819112627986
23600	31.40916808149406	486.07567567567565	700.3200000072006	124.13921901528013
23700	31.302876480541453	488.3783783783784	700.3200000072006	124.31302876480541
23800	31.313131313131315	487.89247311827955	696.6290322653655	124.23905723905725
23900	31.20805369127517	489.89784946236557	696.6290322653655	124.33053691275168
24000	31.270903010033447	489.27272727272725	693.5401069592613	124.41806020066889
24100	31.166666666666664	491.41711229946526	693.5401069592613	124.54333333333334
24200	31.01160862354892	493.75401069518716	693.5401069592613	124.5290215588723
24300	30.960264900662253	495.5614973262032	693.5401069592613	124.76986754966887
24400	30.807248764415156	497.80213903743316	693.5401069592613	124.72158154859967
24500	30.706075533661743	500.1764705882353	693.5401069592613	124.91133004926108
24600	30.555555555555557	502.3850267379679	693.5401069592613	124.84640522875817
24700	30.456026058631924	504.52941176470586	693.5401069592613	124.96579804560261
24800	30.30794165316045	506.54545454545456	693.5401069592613	124.84278768233388
24900	30.210016155088855	508.524064171123	693.5401069592613	124.92084006462035
25000	30.595813204508858	502.93684210526317	702.5484210601153	125.13365539452496
25100	30.497592295345104	504.9736842105263	702.5484210601153	125.22632423756019
25200	30.4	507.06315789473683	702.5484210601153	125.3248
25300	30.303030303030305	509.11578947368423	702.5484210601153	125.44338118022328
25400	30.158730158730158	511.46315789473687	702.5484210601153	125.42857142857143
25500	30.173775671406005	511.4712041884817	704.5942408451823	125.5308056872038
25600	30.031446540880502	513.958115183246	704.5942408451823	125.562893081761
25700	29.93730407523511	515.8586387434555	704.5942408451823	125.61442006269593
25800	29.95319812792512	515.234375	707.6963541741367	125.5195007800312
25900	30.015552099533437	514.9533678756477	705.8673575204035	125.73716951788491
26000	29.876160990712076	517.4922279792746	705.8673575204035	125.78482972136223
26100	29.78395061728395	519.160621761658	705.8673575204035	125.77623456790124
26200	29.69230769230769	521.0621761658031	705.8673575204035	125.83538461538461
26300	29.555895865237364	522.979274611399	705.8673575204035	125.71056661562021
26400	29.465648854961835	525.2020725388601	705.8673575204035	125.86717557251909
26500	29.52815829528158	524.5567010309278	711.8185567084278	125.97412480974126
26600	29.393939393939394	526.7474226804123	711.8185567084278	125.93333333333334
26700	29.305135951661633	528.9484536082474	711.8185567084278	126.07250755287009
26800	29.32330827067669	528.3641025641026	713.5635897509171	126.00902255639097
26900	29.235382308845576	530.2410256410257	713.5635897509171	126.07046476761619
27000	29.297458893871447	529.4948979591836	727.7010204154149	126.17040358744394
27100	29.166666666666668	531.8367346938776	727.7010204154149	126.17857142857143
27200	29.080118694362017	533.4387755102041	727.7010204154149	126.1706231454006
27300	28.994082840236686	535.484693877551	727.7010204154149	126.27810650887574
27400	28.865979381443296	537.6326530612245	727.7010204154149	126.21649484536083
27500	29.03225806451613	534.7929292929293	723.1828282898813	126.29325513196481
27600	28.905109489051096	536.8888888888889	723.1828282898813	126.23065693430657
27700	28.77906976744186	539.4545454545455	723.1828282898813	126.28488372093024
27800	28.65412445730825	541.7121212121212	723.1828282898813	126.27496382054993
27900	28.674351585014406	541.3768844221106	722.2040201074294	126.30691642651297
28000	28.59195402298851	543.6231155778894	722.2040201074294	126.48275862068965
28100	28.510028653295127	545.572864321608	722.2040201074294	126.57879656160459
28200	28.38801711840228	547.8040201005025	722.2040201074294	126.56776034236805
28300	28.3072546230441	549.5778894472362	722.2040201074294	126.60028449502134
28400	28.22695035460993	551.4824120603015	722.2040201074294	126.66666666666667
28500	28.10734463276836	554.0502512562814	722.2040201074294	126.73587570621469
28600	27.9887482419128	556.251256281407	722.2040201074294	126.69479606188467
28700	28.050490883590463	555.7	724.4490000067576	126.85834502103786
28800	27.932960893854748	557.575	724.4490000067576	126.75
28900	27.85515320334262	559.765	724.4490000067576	126.89972144846797
29000	27.739251040221912	561.84	724.4490000067576	126.84049930651872
29100	27.800829875518673	561.1044776119403	739.7592039866711	126.9612724757953
29200	27.72413793103448	563.0796019900497	739.7592039866711	127.0496551724138
29300	27.609890109890113	565.5273631840796	739.7592039866711	127.09065934065934
29400	27.49658002735978	567.6268656716418	739.7592039866711	127.04924760601915
29500	27.421555252387446	569.5124378109452	739.7592039866711	127.10914051841746
29600	27.346938775510203	571.5522388059702	739.7592039866711	127.20680272108844
29700	27.235772357723576	573.7014925373135	739.7592039866711	127.16937669376694
29800	27.125506072874494	575.776119402985	739.7592039866711	127.11740890688259
29900	27.18707940780619	575.0346534653465	746.2589108974335	127.25033647375504
30000	27.114093959731544	577.0742574257425	746.2589108974335	127.35973154362416
30100	27.00534759358289	578.9653465346535	746.2589108974335	127.24866310160428
30200	26.897470039946736	581.0148514851485	746.2589108974335	127.19041278295606
30300	26.82602921646746	582.8415841584158	746.2589108974335	127.2390438247012
30400	26.75496688741722	584.7277227722773	746.2589108974335	127.30728476821191
30500	26.649076517150394	587.0247524752475	746.2589108974335	127.32189973614776
30600	26.57894736842105	588.950495049505	746.2589108974335	127.40789473684211
30700	26.474442988204455	590.6980198019802	746.2589108974335	127.28178243774575
30800	26.535947712418302	589.6945812807882	761.4000000060713	127.37124183006536
30900	26.5625	588.8627450980392	771.9269607901102	127.30859375
31000	26.623376623376622	587.9024390243902	779.5321951274705	127.3987012987013
31100	26.64941785252264	587.004854368932	778.9373786460133	127.32470892626132
31200	26.70967741935484	586.0772946859903	778.4579710194454	127.4025806451613
31300	26.640926640926644	588.0193236714975	778.4579710194454	127.50450450450451
31400	26.53846153846154	590.2801932367149	778.4579710194454	127.50641025641026
31500	26.47058823529412	592.2946859903382	778.4579710194454	127.62020460358056
31600	26.369426751592357	594.2028985507246	778.4579710194454	127.5452229299363
31700	26.30241423125794	596.1787439613527	778.4579710194454	127.63913595933926
31800	26.362484157160964	595.0721153846154	780.2365384661814	127.69074778200253
31900	26.295828065739567	596.9471153846154	780.2365384661814	127.76106194690266
32000	26.322418136020154	596.1004784688995	787.4258373248998	127.72166246851386
32100	26.223337515683813	598.2344497607655	787.4258373248998	127.7051442910916
32200	26.125	600.0765550239234	787.4258373248998	127.60625
32300	26.059850374064837	601.9856459330143	787.4258373248998	127.69077306733168
32400	26.119402985074625	601.0714285714286	789.1695238135126	127.78358208955224
32500	26.270136307311027	597.4150943396227	806.7372641542639	127.74349442379182
32600	26.296296296296294	596.5492957746479	805.1929577494662	127.7
32700	26.354679802955665	595.4766355140187	804.4542056101263	127.75492610837438
32800	26.289926289926292	597.1822429906542	804.4542056101263	127.79729729729729
32900	26.47058823529412	593.7824074074074	803.5245370390055	127.94607843137256
33000	26.373626373626376	595.6342592592592	803.5245370390055	127.86568986568986
33100	26.431181485992695	594.6728110599079	803.2944700477027	127.92813641900122
33200	26.33495145631068	596.3778801843318	803.2944700477027	127.82645631067962
33300	26.27118644067797	598.1612903225806	803.2944700477027	127.88740920096852
33400	26.207729468599034	599.9447004608295	803.2944700477027	127.95169082125604
33500	26.144578313253014	601.8433179723502	803.2944700477027	128.04819277108433
33600	26.05042016806723	604.0322580645161	803.2944700477027	128.05882352941177
33700	25.95693779904306	606.2119815668203	803.2944700477027	128.07894736842104
33800	25.894988066825775	607.852534562212	803.2944700477027	128.11336515513128
33900	25.802615933412604	609.9078341013825	803.2944700477027	128.0975029726516
34000	25.741399762752078	611.6036866359447	803.2944700477027	128.14590747330962
34100	25.65011820330969	613.5483870967741	803.2944700477027	128.096926713948
34200	25.589622641509436	615.2764976958525	803.2944700477027	128.14622641509433
34300	25.647058823529413	614.2706422018349	812.1224770654363	128.22235294117647
34400	25.586854460093893	616.151376146789	812.1224770654363	128.32042253521126
34500	25.526932084309134	617.9082568807339	812.1224770654363	128.38407494145198
34600	25.55425904317386	616.7351598173516	833.4789954345948	128.27537922987165
34700	25.611175785797442	615.8363636363637	845.6768181822101	128.37718277066355
34800	25.551684088269454	617.4454545454546	845.6768181822101	128.41463414634146
34900	25.492468134414832	619.209090909091	845.6768181822101	128.486674391657
35000	25.43352601156069	621.2181818181818	845.6768181822101	128.61156069364162
35100	25.34562211981567	622.959090909091	845.6768181822101	128.52304147465438
35200	25.37313432835821	622.027149321267	857.310407239779	128.46268656716418
35300	25.286041189931353	623.9276018099547	857.310407239779	128.4141876430206
35400	25.34246575342466	622.9099099099099	864.4076576571796	128.48972602739727
35500	25.25597269624573	624.5450450450451	864.4076576571796	128.37883959044368
35600	25.312145289443816	623.6322869955156	877.2843049318143	128.4767309875142
35700	25.452488687782804	620.1422222222222	903.9733333315249	128.4739819004525
35800	25.395033860045146	621.8	903.9733333315249	128.53498871331828
35900	25.33783783783784	623.2622222222222	903.9733333315249	128.53153153153153
36000	25.252525252525253	624.8	903.9733333315249	128.41077441077442
36100	25.195968645016798	626.5777777777778	903.9733333315249	128.50055991041432
36200	25.363128491620113	622.8458149779735	937.0061673981592	128.5832402234637
36300	25.612472160356347	616.6391304347826	959.6060869524513	128.55345211581292
36400	25.77777777777778	613.176724137931	955.820258615727	128.67111111111112
36500	25.72062084257206	614.7327586206897	955.820258615727	128.71729490022173
36600	25.88495575221239	611.1111111111111	955.6974358915822	128.77986725663717
36700	25.799338478500548	612.6025641025641	955.6974358915822	128.65380374862184
36800	25.742574257425744	614.2521367521367	955.6974358915822	128.71507150715072
36900	25.657894736842106	616.1239316239316	955.6974358915822	128.69078947368422
37000	25.601750547045953	617.9871794871794	955.6974358915822	128.79540481400437
37100	25.54585152838428	619.5470085470085	955.6974358915822	128.83187772925766
37200	25.462459194776933	621.1752136752136	955.6974358915822	128.7410228509249
37300	25.379609544468547	623.1196581196581	955.6974358915822	128.73101952277656
37400	25.2972972972973	624.8162393162393	955.6974358915822	128.66270270270272
37500	25.350593311758363	623.663829787234	958.6808510574956	128.69363538295576
37600	25.268817204301076	625.3914893617022	958.6808510574956	128.63548387096773
37700	25.187566988210076	627.2	958.6808510574956	128.58628081457664
37800	25.213675213675213	626.2542372881356	957.5885593152096	128.52350427350427
37900	25.15991471215352	627.8262711864406	957.5885593152096	128.5586353944563
38000	25.106382978723403	629.4322033898305	957.5885593152096	128.60531914893616
38100	25.026511134676564	631.0508474576271	957.5885593152096	128.52067868504773
38200	25.052854122621564	630.1645569620254	962.098312228957	128.46934460887948
38300	24.973656480505795	631.9113924050633	962.098312228957	128.4141201264489
38400	24.89495798319328	633.7215189873418	962.098312228957	128.3813025210084
38500	24.81675392670157	635.5316455696203	962.098312228957	128.3434554973822
38600	24.739039665970772	637.3459915611814	962.098312228957	128.30584551148226
38700	24.791666666666668	636.3865546218487	968.2088235215546	128.39166666666668
38800	24.81827622014538	635.3556485355649	974.7330543849221	128.31464174454828
38900	24.974093264248705	631.7095435684647	1002.8053941814353	128.36891191709844
39000	24.922440537745604	633.3817427385892	1002.8053941814353	128.44157187176836
39100	24.84536082474227	634.954356846473	1002.8053941814353	128.35876288659793
39200	24.922760041194643	633.8801652892562	1015.7516528825944	128.53861997940268
39300	24.948665297741275	632.7695473251028	1014.5123456685126	128.44147843942505
39400	24.897540983606557	634.3621399176955	1014.5123456685126	128.49487704918033
39500	24.846625766871167	635.8971193415638	1014.5123456685126	128.53680981595093
39600	24.79591836734694	637.7572016460905	1014.5123456685126	128.65102040816328
39700	24.720244150559513	639.5020576131687	1014.5123456685126	128.61851475076298
39800	24.67005076142132	640.9547325102881	1014.5123456685126	128.63959390862945
39900	24.595141700404856	642.2427983539095	1014.5123456685126	128.48684210526315
40000	24.646464646464647	641.1434426229508	1044.265573759438	128.52727272727273
40100	24.697580645161292	640.3836734693878	1054.2775510087984	128.64415322580646
40200	24.623115577889447	642.0530612244899	1054.2775510087984	128.5819095477387
40300	24.57372116349047	643.6897959183674	1054.2775510087984	128.6529588766299
40400	24.5	645.3551020408163	1054.2775510087984	128.592
40500	24.451097804391217	646.6897959183674	1054.2775510087984	128.59281437125748
40600	24.50199203187251	645.719512195122	1056.1528455162722	128.67330677290838
40700	24.528301886792452	644.7287449392712	1061.6251012018226	128.61569016881828
40800	24.578790882061448	643.616935483871	1101.8451612769989	128.65807730426164
40900	24.604743083003953	642.5180722891566	1099.8357429579942	128.5691699604743
41000	24.65483234714004	641.72	1097.7131999855362	128.67061143984222
41100	24.70472440944882	640.7370517928287	1096.1075697060821	128.74409448818898
41200	24.656188605108053	642.2470119521912	1096.1075697060821	128.7966601178782
41300	24.6078431372549	643.7410358565737	1096.1075697060821	128.8372549019608
41400	24.55968688845401	645.3306772908367	1096.1075697060821	128.89823874755382
41500	24.48780487804878	646.7888446215139	1096.1075697060821	128.7960975609756
41600	24.610894941634243	643.304347826087	1095.9458497861688	128.73832684824902
41700	24.660194174757283	642.5748031496063	1093.5043306918767	128.85825242718445
41800	24.709302325581394	641.5372549019608	1090.8196078257718	128.90116279069767
41900	24.637681159420293	643.2980392156862	1090.8196078257718	128.88985507246377
42000	24.66281310211946	642.3046875	1089.0804687320501	128.8198458574181
42100	24.615384615384617	643.74609375	1089.0804687320501	128.85961538461538
42200	24.64046021093001	642.7937743190662	1087.835408541773	128.79386385426653
42300	24.5697896749522	644.5719844357976	1087.835408541773	128.79254302103251
42400	24.52290076335878	646.1011673151751	1087.835408541773	128.85019083969465
42500	24.45290199809705	647.9105058365759	1087.835408541773	128.84681255946717
42600	24.383301707779886	649.6264591439689	1087.835408541773	128.82637571157494
42700	24.33712121212121	650.8949416342413	1087.835408541773	128.82291666666666
42800	24.291115311909262	652.284046692607	1087.835408541773	128.84120982986767
42900	24.245283018867923	653.692607003891	1087.835408541773	128.88584905660377
43000	24.27093132643462	652.6589147286821	1088.8624030816184	128.82314205079962
43100	24.202626641651033	654.2209302325581	1088.8624030816184	128.7720450281426
43200	24.22825070159027	653.4131274131274	1092.7370656172884	128.74087932647333
43300	24.369747899159663	649.8620689655172	1099.1816091743851	128.78711484593836
43400	24.30167597765363	651.5900383141762	1099.1816091743851	128.7709497206704
43500	24.25650557620818	653.2145593869732	1099.1816091743851	128.85408921933086
43600	24.211502782931355	654.6513409961685	1099.1816091743851	128.89424860853433
43700	24.14431082331175	656.2605363984675	1099.1816091743851	128.84921369102682
43800	24.261992619926197	652.6577946768061	1115.5779467457817	128.75645756457564
43900	24.21731123388582	654.2091254752852	1115.5779467457817	128.82412523020258
44000	24.150596877869603	655.7908745247148	1115.5779467457817	128.7786960514233
44100	24.106324472960587	657.2585551330799	1115.5779467457817	128.81943171402384
44200	24.131627056672762	656.3977272727273	1122.3454545225356	128.7943327239488
44300	24.087591240875913	657.6515151515151	1122.3454545225356	128.79653284671534
44400	24.043715846994534	658.9431818181819	1122.3454545225356	128.80145719489983
44500	24.0	660.3598484848485	1122.3454545225356	128.83727272727273
44600	23.95644283121597	661.9659090909091	1122.3454545225356	128.91288566243193
44700	23.891402714932127	663.4015151515151	1122.3454545225356	128.83981900452488
44800	23.848238482384822	664.8371212121212	1122.3454545225356	128.87533875338752
44900	23.805229936880075	666.5378787878788	1122.3454545225356	128.97475202885482
45000	23.741007194244602	668.2348484848485	1122.3454545225356	128.95593525179856
45100	23.67713004484305	669.6818181818181	1122.3454545225356	128.87892376681614
45200	23.634735899731425	670.9848484848485	1122.3454545225356	128.89973142345568
45300	23.57142857142857	672.4962121212121	1122.3454545225356	128.84017857142857
45400	23.618538324420676	671.6075471698114	1124.534339599041	128.93048128342247
45500	23.555555555555554	673.4566037735849	1124.534339599041	128.95733333333334
45600	23.49290780141844	674.9735849056603	1124.534339599041	128.9086879432624
45700	23.43059239610964	676.4113207547169	1124.534339599041	128.83112290008842
45800	23.389232127096204	678.0943396226415	1124.534339599041	128.92939099735216
45900	23.43612334801762	676.7706766917294	1162.895488697507	128.93215859030838
46000	23.374340949033392	678.5864661654135	1162.895488697507	128.95342706502637
46100	23.31288343558282	680.0864661654135	1162.895488697507	128.8965819456617
46200	23.27209098862642	681.5451127819549	1162.895488697507	128.9448818897638
46300	23.211169284467715	682.8947368421053	1162.895488697507	128.85776614310646
46400	23.170731707317074	684.3533834586466	1162.895488697507	128.90505226480838
46500	23.11033883579496	685.9097744360902	1162.895488697507	128.85490877497827
46600	23.050259965337954	687.4661654135339	1162.895488697507	128.8110918544194
46700	23.09688581314879	686.1011235955057	1160.4891385517576	128.80968858131487
46800	23.1433506044905	685.1604477611941	1161.6813432578363	128.89464594127807
46900	23.16968130921619	684.3754646840149	1159.6828996017853	128.90697674418604
47000	23.10996563573883	686.1635687732341	1159.6828996017853	128.91666666666666
47100	23.050556983718938	687.635687732342	1159.6828996017853	128.85089974293058
47200	23.09666381522669	686.7740740740741	1174.3603703431745	128.9606501283148
47300	23.14261315115286	685.7749077490774	1173.7324722968003	129.0281810418446
47400	23.083475298126068	687.4575645756457	1173.7324722968003	129.03236797274275
47500	23.12925170068027	686.4375	1173.3753676184076	129.09948979591837
47600	23.070398642917727	687.875	1173.3753676184076	129.04156064461407
47700	23.011844331641285	689.6544117647059	1173.3753676184076	129.0507614213198
47800	22.972972972972975	691.0808823529412	1173.3753676184076	129.0954391891892
47900	22.93423271500843	692.2830882352941	1173.3753676184076	129.0893760539629
48000	22.87636669470143	693.7536764705883	1173.3753676184076	129.0344827586207
48100	22.837951301427374	695.1102941176471	1173.3753676184076	129.0545759865659
48200	22.780569514237854	696.7022058823529	1173.3753676184076	129.02680067001674
48300	22.74247491638796	697.9632352941177	1173.3753676184076	129.0334448160535
48400	22.78797996661102	696.8131868131868	1170.3432234138113	129.07095158597662
48500	22.75	697.989010989011	1170.3432234138113	129.07
48600	22.795341098169715	696.7080291970802	1196.862773692454	129.0881863560732
48700	22.904564315352697	693.0072463768116	1210.0409419973014	129.00995850622408
48800	22.866611433305717	694.3007246376811	1210.0409419973014	129.03396851698426
48900	22.8099173553719	695.8079710144928	1210.0409419973014	128.99256198347106
49000	22.772277227722775	697.054347826087	1210.0409419973014	129.00247524752476
49100	22.73476112026359	698.286231884058	1210.0409419973014	129.00576606260296
49200	22.697368421052634	699.6086956521739	1210.0409419973014	129.03371710526315
49300	22.641509433962266	700.9347826086956	1210.0409419973014	128.9524200164069
49400	22.585924713584287	702.5942028985507	1210.0409419973014	128.94353518821603
49500	22.54901960784314	703.9384057971015	1210.0409419973014	128.968954248366
49600	22.67536704730832	700.2122302158274	1235.3248201106483	128.9983686786297
49700	22.701383238405207	699.1397849462365	1231.738351220472	128.95280716029293
49800	22.664500406173843	700.4767025089606	1231.738351220472	128.98943948009747
49900	22.690437601296594	699.4821428571429	1228.7889285366464	128.95867098865477
50000	22.653721682847898	701.0035714285714	1228.7889285366464	129.0299352750809
50100	22.69789983844911	699.7224199288256	1226.9024910676446	129.03554119547658
50200	22.661290322580648	701.0711743772242	1226.9024910676446	129.0774193548387
50300	22.705314009661837	699.8262411347517	1225.4872340062163	129.0901771336554
50400	22.7491961414791	698.7314487632509	1224.1593639204846	129.13344051446944
50500	22.792937399678973	697.6866197183099	1239.192253483243	129.18860353130017
50600	22.756410256410255	699.0	1239.192253483243	129.22355769230768
50700	22.720000000000002	700.4542253521126	1239.192253483243	129.2824
50800	22.66560255387071	701.9612676056338	1239.192253483243	129.24900239425378
50900	22.611464968152866	703.3943661971831	1239.192253483243	129.19824840764332
51000	22.575516693163753	704.7922535211268	1239.192253483243	129.24880763116056
51100	22.53968253968254	705.9260563380282	1239.192253483243	129.24285714285713
51200	22.547468354430382	705.0982456140351	1239.6733332946565	129.13924050632912
51300	22.494080505130228	706.519298245614	1239.6733332946565	129.08681925808997
51400	22.440944881889763	707.880701754386	1239.6733332946565	129.0259842519685
51500	22.40566037735849	709.1964912280702	1239.6733332946565	129.06367924528303
51600	22.35294117647059	710.7087719298246	1239.6733332946565	129.03607843137254
51700	22.31793265465936	712.0947368421052	1239.6733332946565	129.09005481597495
51800	22.283033620015637	713.3719298245614	1239.6733332946565	129.12118842845973
51900	22.404371584699454	709.7560975609756	1235.6940766147509	129.1647150663544
52000	22.369446609508962	710.773519163763	1235.6940766147509	129.13717848791893
52100	22.429906542056074	709.5034722222222	1234.1083332922226	129.25623052959503
52200	22.472783825816485	708.1626297577855	1248.9335639719259	129.248833592535
52300	22.420480993017843	709.5674740484429	1248.9335639719259	129.20093095422808
52400	22.4031007751938	710.8754325259515	1248.9335639719259	129.33875968992248
52500	22.36842105263158	712.1626297577855	1248.9335639719259	129.37770897832817
52600	22.393822393822393	711.0344827586207	1256.604482715893	129.32664092664092
52700	22.342064714946073	712.7275862068966	1256.604482715893	129.33898305084745
52800	22.367409684857805	711.6185567010309	1265.4965635303383	129.28362797847808
52900	22.3159509202454	713.1099656357388	1265.4965635303383	129.25613496932516
53000	22.28177641653905	714.4089347079038	1265.4965635303383	129.29402756508424
53100	22.230710466004584	715.7938144329897	1265.4965635303383	129.24675324675326
53200	22.179878048780488	717.2027491408935	1265.4965635303383	129.20426829268294
53300	22.146118721461185	718.4226804123712	1265.4965635303383	129.22450532724505
53400	22.17160212604404	717.6575342465753	1275.1674657090464	129.2399392558846
53500	22.12121212121212	719.0890410958904	1275.1674657090464	129.20151515151514
53600	22.071050642479214	720.5	1275.1674657090464	129.16250944822374
53700	22.09653092006033	719.3822525597269	1315.8430033677525	129.11387631975867
53800	22.04665161775771	720.9453924914676	1315.8430033677525	129.11587659894658
53900	22.088655146506387	719.734693877551	1318.8663264845516	129.137490608565
54000	22.038980509745127	720.9829931972789	1318.8663264845516	129.06596701649175
54100	21.98952879581152	722.3129251700681	1318.8663264845516	129.01196709050112
54200	21.956684092606423	723.3027210884354	1318.8663264845516	128.98581030619866
54300	21.92393736017897	724.4455782312925	1318.8663264845516	128.99179716629382
54400	21.891288160833955	725.7380952380952	1318.8663264845516	129.02978406552495
54500	21.842496285289748	726.9591836734694	1318.8663264845516	128.96210995542347
54600	21.884272997032642	725.6677966101695	1315.6535592751131	128.96290801186944
54700	21.925925925925927	724.4222972972973	1312.2783783305993	128.98
54800	21.967455621301777	723.1414141414141	1309.2161615675284	128.98224852071007
54900	21.918819188191883	724.4444444444445	1309.2161615675284	128.92398523985239
55000	21.85430463576159	725.8956228956229	1309.2161615675284	128.80206033848418
55100	21.895664952241	724.989932885906	1307.1392616954736	128.8890521675239
55200	21.86353631694791	726.2181208053692	1307.1392616954736	128.91709464416726
55300	21.831501831501832	727.3691275167786	1307.1392616954736	128.92600732600732
55400	21.8727139722019	726.1839464882943	1329.7946487790741	128.95098756400878
55500	21.824817518248175	727.5384615384615	1329.7946487790741	128.907299270073
55600	21.93877551020408	724.1229235880398	1327.6408637352915	128.96574344023324
55700	22.05240174672489	720.6006600660066	1373.201980144223	129.00218340611355
55800	22.0203488372093	721.8580858085809	1373.201980144223	129.03997093023256
55900	21.972443799854968	723.1452145214521	1373.201980144223	128.9876722262509
56000	21.908893709327547	724.5841584158416	1373.201980144223	128.86840202458424
56100	21.949458483754512	723.375	1369.285197313762	128.8837545126354
56200	21.91780821917808	724.8223684210526	1369.285197313762	128.95602018745493
56300	21.886249100071993	726.2269736842105	1369.285197313762	129.02303815694745
56400	21.910919540229884	725.0918032786885	1369.1193442067706	128.96336206896552
56500	21.863799283154123	726.311475409836	1369.1193442067706	128.894623655914
56600	21.832498210450964	727.5967213114754	1369.1193442067706	128.93486041517536
56700	21.80128663330951	728.9770491803279	1369.1193442067706	128.99714081486778
56800	21.754636233951498	730.0655737704918	1369.1193442067706	128.90513552068472
56900	21.937321937321936	724.1493506493506	1373.4159090327692	128.93019943019942
57000	21.890547263681594	725.5292207792207	1373.4159090327692	128.90973702914002
57100	21.98581560283688	722.1322580645161	1389.947096714321	128.86524822695034
57200	22.009907997169144	721.016077170418	1393.186173572707	128.80325548478416
57300	22.04946996466431	720.0833333333334	1413.9179486563555	128.87561837455831
57400	22.018348623853214	721.4166666666666	1413.9179486563555	128.93225123500352
57500	22.04225352112676	720.2843450479234	1421.460063835309	128.8661971830986
57600	22.0112517580872	721.4376996805112	1421.460063835309	128.89099859353024
57700	21.980337078651687	722.591054313099	1421.460063835309	128.91011235955057
57800	21.949509116409537	724.1022364217253	1421.460063835309	129.00210378681626
57900	22.043386983904828	720.9301587301587	1415.5088888247062	128.99090272918124
58000	22.067039106145252	720.2310126582279	1412.545253099514	129.0167597765363
58100	22.17573221757322	716.9874213836478	1407.1176099961378	129.07461645746164
58200	22.129436325678498	718.2044025157232	1407.1176099961378	129.0222686151705
58300	22.098679638637943	719.3647798742138	1407.1176099961378	129.04586518415567
58400	22.122052704576976	718.3855799373041	1404.8495297129514	129.00901525658807
58500	22.145328719723185	717.528125	1402.9803124315322	128.98615916955018
58600	22.099447513812155	718.659375	1402.9803124315322	128.91919889502762
58700	22.06896551724138	719.875	1402.9803124315322	128.95724137931035
58800	22.107438016528928	718.9096573208723	1402.074454759333	129.0068870523416
58900	22.130584192439862	718.0621118012423	1423.7866458925455	128.99518900343642
59000	22.100205902539464	719.1925465838509	1423.7866458925455	129.02059025394647

