Contact	Overhead
25600	417.1047120418848
51200	571.7438596491228
4100	125.5
29700	465.92039800995025
55300	589.5503355704698
8200	185.3050847457627
33800	493.741935483871
12300	240.2945205479452
37900	509.96610169491527
16400	304.8875
42000	521.32421875
20500	350.97206703910615
46100	551.8984962406015
24600	407.5882352941176
50200	568.5943060498221
3100	96.55737704918033
28700	451.25
54300	587.3605442176871
7200	171.1727272727273
32800	485.10747663551405
58400	582.1692789968652
11300	230.59420289855072
36900	500.56410256410254
15400	290.140127388535
41000	520.888
19500	345.5639534883721
45100	543.3181818181819
23600	394.23243243243246
49200	567.4963768115942
2100	95.63157894736842
27700	437.80808080808083
53300	582.5085910652921
6200	151.90196078431373
31800	483.36538461538464
57400	584.5673076923077
10300	222.6201550387597
35900	506.2711111111111
14400	278.25657894736844
40000	520.483606557377
18500	329.4470588235294
44100	533.3802281368821
22600	382.3791208791209
48200	565.3897058823529
1100	83.17647058823529
26700	429.2061855670103
52300	575.2629757785467
5200	142.13636363636363
30800	478.9950738916256
56400	587.5803278688525
9300	200.36220472440945
34900	503.0181818181818
13400	263.3378378378378
39000	514.3651452282157
17500	314.68263473053895
43100	531.0581395348837
21600	368.51666666666665
47200	557.3518518518518
100	0.0
25700	418.5916230366492
51300	572.8701754385964
4200	130.04166666666666
29800	467.6268656716418
55400	588.551839464883
8300	188.16101694915255
33900	495.4516129032258
12400	242.52739726027397
38000	511.24152542372883
16500	305.11801242236027
42100	522.4921875
20600	352.731843575419
46200	553.0751879699249
24700	409.3155080213904
50300	567.5460992907801
3200	94.81538461538462
28800	452.765
54400	588.4115646258504
7300	173.53636363636363
32900	482.35185185185185
58500	581.453125
11400	233.03623188405797
37000	502.0726495726496
15500	292.4076433121019
41100	520.1314741035857
19600	347.27906976744185
45200	544.3825757575758
23700	396.1297297297297
49300	568.5398550724638
2200	98.84615384615384
27800	439.6868686868687
53400	581.9075342465753
6300	153.32038834951456
31900	484.8605769230769
57500	583.6325878594249
10400	221.16030534351145
36000	507.50666666666666
14500	280.14473684210526
40100	519.8775510204082
18600	331.4294117647059
44200	532.7159090909091
22700	384.24725274725273
48300	566.3676470588235
1200	94.05882352941177
26800	428.7230769230769
52400	576.3252595155709
5300	142.24444444444444
30900	478.27941176470586
56500	588.5344262295082
9400	203.51181102362204
35000	504.67727272727274
13500	264.0469798657718
39100	515.6307053941908
17600	316.8682634730539
43200	530.3667953667954
21700	368.2651933701657
47300	556.5350553505535
200	0.0
25800	418.0520833333333
51400	573.9578947368421
4300	133.91780821917808
29900	467.05445544554453
55500	589.6454849498327
8400	187.75833333333333
34000	496.82027649769583
12500	245.52739726027397
38100	512.5381355932203
16600	307.51552795031057
42200	521.692607003891
20700	354.463687150838
46300	554.1541353383459
24800	410.9144385026738
50400	566.6395759717315
3300	95.88059701492537
28900	454.57
54500	589.4183673469388
7400	174.53153153153153
33000	483.8240740740741
58600	582.359375
11500	234.0863309352518
37100	503.3162393162393
15600	292.8987341772152
41200	521.3705179282869
19700	342.8
45300	545.594696969697
23800	395.76344086021504
49400	569.9021739130435
2300	101.6
27900	439.48743718592965
53500	583.0616438356165
6400	156.67961165048544
32000	484.2200956937799
57600	584.5686900958466
10500	221.40151515151516
36100	509.00444444444446
14600	282.19736842105266
40200	521.2
18700	333.25882352941176
44300	533.7007575757576
22800	386.0274725274725
48400	565.3992673992674
1300	91.45
26900	430.22564102564104
52500	577.3944636678201
5400	143.3846153846154
31000	477.5219512195122
56600	589.5639344262295
9500	204.484375
35100	506.08181818181816
13600	266.16107382550337
39200	514.7479338842975
17700	318.7245508982036
43300	527.471264367816
21800	370.48618784530385
47400	557.9815498154982
300	0.0
25900	417.90673575129534
51500	575.0315789473684
4400	135.94594594594594
30000	468.7178217821782
55600	586.843853820598
8500	186.390243902439
34100	498.4009216589862
12600	246.2925170068027
38200	511.7932489451477
16700	303.6890243902439
42300	523.1906614785992
20800	354.00555555555553
46400	555.327067669173
24900	412.5080213903743
50500	565.7922535211268
3400	100.08955223880596
29000	456.26
54600	588.2949152542373
7500	177.3063063063063
33100	483.0046082949309
58700	583.3375
11600	236.24460431654677
37200	504.6111111111111
15700	294.8544303797468
41300	522.5617529880478
19800	343.1306818181818
45400	544.8867924528302
23900	397.39247311827955
49500	570.9492753623189
2400	99.11627906976744
28000	441.3718592964824
53600	584.2123287671233
6500	159.94174757281553
32100	485.99043062200957
57700	585.4792332268371
10600	221.796992481203
36200	505.96916299559473
14700	284.125
40300	522.5387755102041
18800	335.2352941176471
44400	534.6969696969697
22900	386.0
48500	566.3406593406594
1400	97.0
27000	429.6530612244898
52600	576.5103448275862
5500	143.7741935483871
31100	476.77669902912623
56700	590.6950819672131
9600	207.0546875
35200	505.29411764705884
13700	268.3288590604027
39300	513.8230452674898
17800	320.748502994012
43400	528.8850574712644
21900	372.3259668508287
47500	557.1654411764706
400	174.0
26000	420.020725388601
51600	576.2666666666667
4500	133.2051282051282
30100	470.1980198019802
55700	583.980198019802
8600	188.4390243902439
34200	499.7741935483871
12700	246.85135135135135
38300	513.1983122362869
16800	305.7256097560976
42400	524.4280155642024
20900	356.1111111111111
46500	556.5639097744361
25000	407.9894736842105
50600	566.8556338028169
3500	104.07462686567165
29100	455.681592039801
54700	587.2533783783783
7600	175.60526315789474
33200	484.38709677419354
58800	582.5451713395638
11700	236.77142857142857
37300	506.22222222222223
15800	296.88607594936707
41400	523.8366533864541
19900	343.1186440677966
45500	546.4603773584905
24000	396.8716577540107
49600	567.8920863309353
2500	91.79591836734694
28100	442.97989949748745
53700	583.3174061433447
6600	162.01923076923077
32200	487.444976076555
57800	586.7220447284345
10700	224.2781954887218
36300	500.9173913043478
14800	284.2483660130719
40400	523.8653061224489
18900	337.1294117647059
44500	535.8219696969697
23000	385.5380434782609
48600	565.2919708029198
1500	92.79166666666667
27100	431.61224489795916
52700	577.903448275862
5600	147.05376344086022
31200	475.9903381642512
56800	591.5409836065573
9700	209.671875
35300	506.84615384615387
13800	268.9866666666667
39400	515.0946502057614
17900	322.92215568862275
43500	530.2145593869732
22000	372.27472527472526
47600	558.3382352941177
500	145.0
26100	421.2953367875648
51700	577.4140350877193
4600	137.3846153846154
30200	471.8712871287129
55800	585.003300330033
8700	191.0
34300	498.94954128440367
12800	248.88513513513513
38400	514.6919831223629
16900	306.3757575757576
42500	525.9182879377432
21000	357.56666666666666
46600	557.827067669173
25100	409.61052631578946
50700	568.0246478873239
3600	106.8529411764706
29200	457.2636815920398
54800	586.1515151515151
7700	178.46491228070175
33300	485.7972350230415
58900	581.8819875776397
11800	237.27659574468086
37400	507.6025641025641
15900	297.1069182389937
41500	524.9601593625498
20000	345.316384180791
45600	547.7132075471698
24100	398.60427807486633
49700	567.0394265232975
2600	92.7843137254902
28200	444.8492462311558
53800	584.6484641638225
6700	161.2336448598131
32300	488.99043062200957
57900	584.168253968254
10800	224.79850746268656
36400	498.1551724137931
14900	283.1290322580645
40500	524.9183673469388
19000	339.25882352941176
44600	537.1136363636364
23100	385.3027027027027
48700	562.25
1600	104.20833333333333
27200	432.8724489795918
52800	577.0
5700	147.42105263157896
31300	477.6038647342995
56900	586.7207792207793
9800	212.6796875
35400	506.0135135135135
13900	271.36
39500	516.320987654321
18000	324.96407185628743
43600	531.3678160919541
22100	374.05494505494505
47700	559.8014705882352
600	107.75
26200	422.7979274611399
51800	578.459649122807
4700	136.11111111111111
30300	473.31188118811883
55900	586.0429042904291
8800	193.85365853658536
34400	500.5091743119266
12900	251.18243243243242
38500	516.1645569620254
17000	306.2710843373494
42600	527.3385214007782
21100	359.45
46700	556.6928838951311
25200	411.2526315789474
50800	569.2429577464789
3700	110.84057971014492
29300	459.30845771144277
54900	587.1885521885522
7800	181.2280701754386
33400	487.221198156682
59000	582.7981366459627
11900	238.14788732394365
37500	506.65531914893614
16000	299.2201257861635
41600	522.094861660079
20100	345.52247191011236
45700	548.8415094339623
24200	400.5561497326203
49800	568.1254480286739
2700	93.18867924528301
28300	446.2361809045226
53900	583.6326530612245
6800	163.8785046728972
32400	488.22857142857146
58000	583.6582278481013
10900	225.64444444444445
36500	499.4439655172414
15000	285.18064516129033
40600	524.1544715447154
19100	341.1235294117647
44700	538.2727272727273
23200	387.2756756756757
48800	563.2898550724638
1700	94.27586206896552
27300	434.53061224489795
52900	578.2096219931271
5800	144.1818181818182
31400	479.45893719806764
57000	587.8831168831168
9900	215.0234375
35500	507.31081081081084
14000	273.58
39600	517.8395061728395
18100	324.92857142857144
43700	532.6628352490421
22200	376.07142857142856
47800	560.9448529411765
700	125.4
26300	424.3316062176166
51900	575.5156794425087
4800	138.1829268292683
30400	474.8267326732673
56000	587.2013201320132
8900	193.848
34500	501.9357798165138
13000	253.75675675675674
38600	517.6371308016878
17100	308.26506024096386
42700	528.3268482490272
21200	361.26666666666665
46800	555.9402985074627
25300	412.96315789473687
50900	570.3838028169014
3800	113.35714285714286
29400	461.0547263681592
55000	588.3670033670033
7900	184.17543859649123
33500	488.7695852534562
12000	240.61267605633802
37600	508.06808510638297
16100	300.9308176100629
41700	521.5354330708661
20200	345.5698324022346
45800	550.2339622641509
24300	402.0
49900	567.3392857142857
2800	95.16666666666667
28400	447.7437185929648
54000	584.625850340136
6900	163.41284403669724
32500	485.2688679245283
58100	581.0534591194969
11000	228.26666666666668
36600	496.508547008547
15100	287.1483870967742
40700	523.3562753036438
19200	342.9823529411765
44800	539.3977272727273
23300	389.18918918918916
48900	564.5108695652174
1800	98.66666666666667
27400	436.25
53000	579.2680412371134
5900	145.5
31500	481.1207729468599
57100	585.1290322580645
10000	217.046875
35600	506.5695067264574
14100	273.50993377483445
39700	519.2962962962963
18200	325.11242603550295
43800	529.6920152091254
22300	377.97802197802196
47900	561.8676470588235
800	100.75
26400	426.1658031088083
52000	576.2926829268292
4900	141.9268292682927
30500	476.7722772277228
56100	586.1842105263158
9000	196.24
34600	500.972602739726
13100	255.8716216216216
38700	516.8823529411765
17200	310.6807228915663
42800	529.4046692607004
21300	363.0777777777778
46900	555.360594795539
25400	414.89473684210526
51000	571.5176056338029
3900	117.14084507042253
29500	462.53731343283584
55100	587.6510067114094
8000	183.31034482758622
33600	490.5806451612903
12100	239.625
37700	509.5148936170213
16200	302.84276729559747
41800	520.6705882352941
20300	347.30167597765364
45900	549.1428571428571
24400	403.8449197860963
50000	568.575
2900	97.6
28500	449.8994974874372
54100	585.6972789115646
7000	165.9908256880734
32600	484.61971830985914
58200	582.0345911949686
11100	229.00735294117646
36700	497.6709401709402
15200	287.80128205128204
40800	522.4516129032259
19300	342.906432748538
44900	540.7916666666666
23400	390.84324324324325
49000	565.4891304347826
1900	93.82352941176471
27500	434.010101010101
53100	580.3883161512027
6000	147.44554455445544
31600	482.68599033816423
57200	584.2057877813505
10100	219.578125
35700	503.76
14200	275.49668874172187
39800	520.440329218107
18300	325.2647058823529
43900	530.9505703422053
22400	379.5824175824176
48000	563.0514705882352
900	101.6
26500	425.62371134020617
52100	575.2673611111111
5000	140.41176470588235
30600	478.35643564356434
56200	587.3618421052631
9100	196.87301587301587
34700	500.25454545454545
13200	258.2567567567568
38800	516.0167364016736
17300	312.8192771084337
42900	530.5914396887159
21400	365.02222222222224
47000	556.8401486988847
25500	415.0261780104712
51100	572.4014084507043
4000	122.01408450704226
29600	464.1592039800995
55200	588.6442953020135
8100	185.72413793103448
33700	492.42857142857144
12200	239.84137931034482
37800	508.73728813559325
16300	302.69375
41900	522.1411764705882
20400	348.85474860335194
46000	550.687969924812
24500	405.7967914438503
50100	567.491103202847
3000	95.28813559322033
28600	451.66331658291455
54200	586.4557823129252
7100	167.3090909090909
32700	483.75233644859816
58300	582.9528301886793
11200	229.83941605839416
36800	499.008547008547
15300	289.8333333333333
40900	521.5381526104418
19400	343.0174418604651
45000	542.1780303030303
23500	392.43783783783783
49100	566.4384057971015
2000	95.55555555555556
27600	435.7070707070707
53200	581.5292096219931
6100	150.46534653465346
31700	484.27536231884056
57300	583.4839743589744
10200	221.9296875
35800	505.14222222222224
14300	276.11842105263156
39900	521.4074074074074
18400	327.44117647058823
44000	532.231939163498
22500	381.03846153846155
48100	564.0882352941177
1000	70.41176470588235
26600	427.4329896907216
52200	574.1349480968859
5100	142.06976744186048
30700	479.7722772277228
56300	588.516447368421
9200	197.82677165354332
34800	501.5681818181818
13300	260.8918918918919
38900	513.0082987551867
17400	312.92215568862275
43000	529.7713178294574
21500	366.77222222222224
47100	557.992565055762

